A : 0.349095
B : 0.173366
C : 0.381289
D : 0.035625
E : 0.025000
F : 0.035625
