A : 0.257961
B : 0.139438
C : 0.134634
D : 0.139438
E : 0.262045
F : 0.139438
